./datasets/images/1.png 140,446,414,774,0 2,778,294,1060,0 428,548,614,834,0 6,314,172,562,0 
./datasets/images/10.png 220,758,572,1062,0 2,780,188,1096,0 60,18,240,184,0 
./datasets/images/100.png 10,680,350,998,0 394,686,642,922,0 534,862,718,1158,0 326,350,536,598,0 466,258,658,428,0 428,8,574,76,0 
./datasets/images/101.png 82,778,408,1142,0 374,754,618,1078,0 518,578,714,826,0 456,156,630,314,0 32,116,276,348,0 202,36,374,282,0 416,8,590,152,0 
./datasets/images/102.png 6,488,284,730,0 184,344,406,614,0 526,474,714,640,0 472,228,646,414,0 364,18,526,194,0 
./datasets/images/103.png 192,824,446,1150,0 6,1062,312,1272,0 590,918,716,1136,0 512,598,716,816,0 392,304,588,498,0 268,140,454,320,0 418,84,624,262,0 280,0,430,96,0 
./datasets/images/104.png 434,692,666,924,0 594,1118,712,1272,0 296,472,506,706,0 458,374,694,584,0 476,266,650,372,0 296,154,464,344,0 464,134,628,272,0 354,38,494,162,0 148,8,336,158,0 
./datasets/images/105.png 292,962,576,1272,0 494,806,718,1098,0 530,632,718,790,0 496,432,706,628,0 298,458,520,714,0 370,300,538,472,0 124,298,360,480,0 
./datasets/images/106.png 120,720,406,956,0 368,968,592,1270,0 440,720,614,958,0 596,894,718,1162,0 370,6,536,140,0 
./datasets/images/107.png 416,244,606,408,0 242,6,384,130,0 66,8,240,128,0 
./datasets/images/108.png 456,606,702,800,0 252,208,416,424,0 46,202,246,410,0 344,30,502,188,0 480,102,610,260,0 
./datasets/images/109.png 256,594,458,836,0 10,596,238,846,0 522,392,682,590,0 368,298,546,476,0 324,156,542,294,0 520,1160,714,1270,0 
./datasets/images/11.png 84,188,258,364,0 178,90,338,234,0 172,4,336,78,0 
./datasets/images/110.png 380,724,602,902,0 574,830,716,1046,0 338,494,584,638,0 454,56,602,204,0 
./datasets/images/111.png 374,964,664,1174,0 504,312,678,484,0 478,158,644,294,0 444,8,616,160,0 268,4,436,118,0 118,14,316,178,0 64,120,180,296,0 
./datasets/images/112.png 556,706,718,902,0 538,484,712,642,0 484,260,698,480,0 260,192,474,404,0 102,332,340,502,0 24,466,180,684,0 
./datasets/images/113.png 72,784,370,1012,0 300,580,540,824,0 556,646,712,864,0 6,1004,166,1256,0 
./datasets/images/114.png 280,38,510,238,0 510,72,674,274,0 
./datasets/images/115.png 298,376,548,566,0 562,388,718,574,0 380,78,546,254,0 218,86,376,258,0 
./datasets/images/116.png 296,812,658,1048,0 408,362,616,578,0 232,380,408,598,0 470,50,686,256,0 
./datasets/images/117.png 232,856,428,1120,0 420,778,690,1056,0 520,350,714,578,0 356,52,516,254,0 122,60,264,224,0 
./datasets/images/118.png 114,368,276,574,0 388,338,568,596,0 582,790,718,1092,0 440,28,632,230,0 104,72,294,210,0 76,186,252,360,0 
./datasets/images/119.png 406,798,646,1100,0 476,336,702,544,0 48,412,312,582,0 26,580,252,792,0 70,852,274,1116,0 266,24,436,214,0 
./datasets/images/12.png 78,434,298,670,0 190,278,396,462,0 176,140,378,270,0 346,24,486,170,0 198,14,344,128,0 
./datasets/images/120.png 8,942,310,1190,0 536,764,718,1040,0 306,340,478,560,0 330,176,566,344,0 70,246,298,438,0 
./datasets/images/13.png 46,876,342,1172,0 188,594,448,804,0 160,372,426,576,0 372,198,554,360,0 222,188,370,306,0 386,96,544,198,0 206,118,360,178,0 316,24,420,112,0 164,26,258,136,0 
./datasets/images/14.png 190,776,526,1080,0 434,468,646,670,0 236,446,420,602,0 436,324,618,460,0 222,342,416,442,0 334,222,500,336,0 156,226,306,352,0 
./datasets/images/15.png 270,860,516,1108,0 524,900,718,1198,0 516,674,712,888,0 240,702,496,856,0 390,522,602,684,0 162,538,354,712,0 216,402,378,542,0 194,54,364,190,0 
./datasets/images/16.png 244,816,430,1000,0 184,1012,426,1272,0 450,978,710,1258,0 194,268,416,418,0 124,124,312,246,0 
./datasets/images/17.png 220,554,486,758,0 112,370,340,520,0 262,10,452,116,0 
./datasets/images/18.png 104,772,396,958,0 248,1064,594,1274,0 278,162,506,318,0 142,6,300,144,0 
./datasets/images/19.png 330,440,576,628,0 134,184,328,390,0 326,58,476,220,0 
./datasets/images/2.png 194,1046,550,1266,0 128,642,400,826,0 6,786,200,1044,0 416,710,694,978,0 446,1010,706,1258,0 
./datasets/images/20.png 368,860,706,1138,0 126,496,368,702,0 362,284,540,458,0 92,102,276,252,0 266,28,426,184,0 378,2,504,114,0 98,10,260,86,0 
./datasets/images/21.png 128,1000,454,1268,0 428,602,646,842,0 64,360,308,568,0 286,236,484,416,0 406,178,568,292,0 362,28,532,176,0 96,232,282,340,0 
./datasets/images/22.png 62,776,374,1064,0 564,1148,712,1268,0 340,556,580,770,0 66,580,334,740,0 466,442,680,598,0 408,250,622,436,0 
./datasets/images/23.png 480,604,706,830,0 570,894,712,1114,0 424,1100,710,1278,0 88,1180,404,1270,0 112,36,286,192,0 388,4,514,128,0 
./datasets/images/24.png 110,284,330,476,0 244,186,376,362,0 446,182,594,350,0 262,38,466,222,0 
./datasets/images/25.png 122,652,390,892,0 268,498,444,704,0 514,462,702,646,0 308,298,560,514,0 384,48,514,196,0 
./datasets/images/26.png 298,962,530,1274,0 336,660,700,932,0 426,234,588,440,0 376,58,538,222,0 210,6,386,136,0 44,4,188,136,0 
./datasets/images/27.png 498,548,700,778,0 436,274,620,482,0 222,154,432,364,0 28,158,204,348,0 386,14,540,132,0 
./datasets/images/28.png 12,448,206,684,0 238,438,490,686,0 488,608,712,870,0 614,1078,712,1274,0 426,164,618,332,0 278,50,440,232,0 
./datasets/images/29.png 292,928,642,1268,0 8,938,236,1248,0 502,432,716,622,0 318,272,528,492,0 
./datasets/images/3.png 390,170,560,324,0 366,94,500,172,0 194,10,340,84,0 
./datasets/images/30.png 334,660,628,936,0 594,886,716,1156,0 294,14,426,152,0 92,4,288,110,0 
./datasets/images/31.png 310,158,462,344,0 84,62,290,278,0 294,16,490,148,0 
./datasets/images/32.png 334,360,496,598,0 316,124,554,306,0 42,234,326,452,0 12,16,222,194,0 
./datasets/images/33.png 32,734,358,1024,0 366,918,562,1246,0 400,590,668,836,0 16,440,282,692,0 434,140,566,338,0 568,60,710,304,0 
./datasets/images/34.png 326,652,496,876,0 498,540,716,824,0 2,1072,160,1264,0 316,128,490,328,0 502,218,710,408,0 540,70,714,224,0 18,14,250,154,0 
./datasets/images/35.png 330,786,520,1048,0 556,870,712,1106,0 566,672,710,852,0 522,460,712,662,0 4,598,234,842,0 86,418,288,616,0 278,460,500,676,0 360,278,566,474,0 552,284,716,438,0 78,168,324,392,0 
./datasets/images/36.png 406,56,578,238,0 4,592,220,914,0 238,722,504,960,0 494,702,706,906,0 446,944,710,1216,0 154,972,438,1250,0 14,976,164,1256,0 
./datasets/images/37.png 444,530,648,760,0 194,292,404,460,0 354,216,550,402,0 420,154,552,250,0 156,36,338,174,0 
./datasets/images/38.png 410,1040,696,1272,0 106,686,370,896,0 278,550,524,756,0 354,444,540,586,0 66,320,262,480,0 348,188,482,292,0 326,78,464,182,0 110,126,244,254,0 156,42,302,176,0 
./datasets/images/39.png 392,790,628,1026,0 310,986,614,1258,0 14,656,280,818,0 378,384,534,526,0 94,332,250,454,0 154,216,318,394,0 342,248,508,368,0 78,8,198,108,0 
./datasets/images/4.png 428,416,642,618,0 404,322,578,434,0 222,110,386,262,0 430,132,536,246,0 404,52,498,132,0 
./datasets/images/40.png 80,608,274,774,0 158,448,374,634,0 418,442,602,636,0 446,646,660,814,0 12,1160,328,1272,0 64,106,228,270,0 338,4,452,104,0 
./datasets/images/41.png 144,812,432,1116,0 498,800,708,1076,0 74,1078,324,1270,0 562,1114,714,1270,0 62,318,248,490,0 372,134,498,262,0 144,114,270,234,0 250,94,360,200,0 394,36,506,146,0 100,20,228,134,0 242,4,388,98,0 
./datasets/images/42.png 18,620,266,872,0 418,306,568,454,0 424,180,566,300,0 266,252,392,386,0 136,302,298,420,0 74,194,222,312,0 232,118,418,236,0 
./datasets/images/43.png 90,610,306,764,0 242,528,426,674,0 444,570,640,754,0 442,406,618,562,0 222,344,444,516,0 6,460,224,598,0 232,14,388,166,0 
./datasets/images/44.png 280,688,538,874,0 32,888,274,1110,0 144,1138,388,1272,0 324,950,548,1202,0 606,1030,714,1266,0 566,772,718,982,0 278,178,464,348,0 294,16,468,174,0 
./datasets/images/45.png 340,454,536,668,0 336,214,530,382,0 380,28,504,182,0 214,10,354,192,0 
./datasets/images/46.png 376,886,644,1138,0 370,506,622,708,0 426,228,584,400,0 234,206,410,400,0 188,60,346,212,0 38,106,226,306,0 368,144,502,242,0 
./datasets/images/47.png 418,986,708,1238,0 482,532,666,754,0 238,520,454,762,0 390,420,556,534,0 186,338,370,506,0 12,398,226,622,0 336,56,488,202,0 
./datasets/images/48.png 190,684,430,944,0 12,830,236,1122,0 260,1006,548,1262,0 534,978,710,1240,0 460,798,656,982,0 376,282,532,444,0 64,58,252,228,0 
./datasets/images/49.png 430,610,646,790,0 8,288,214,496,0 144,32,348,278,0 
./datasets/images/5.png 420,644,694,868,0 400,486,630,632,0 168,196,368,346,0 422,190,528,320,0 386,92,518,188,0 
./datasets/images/50.png 86,558,314,806,0 182,292,414,540,0 390,144,550,302,0 224,142,384,302,0 32,168,208,328,0 6,6,196,142,0 
./datasets/images/51.png 212,696,474,1022,0 448,414,650,618,0 242,464,454,642,0 16,500,234,688,0 2,200,208,388,0 210,76,356,238,0 46,44,186,182,0 
./datasets/images/52.png 220,878,482,1118,0 468,822,710,1056,0 14,938,218,1250,0 4,522,198,750,0 220,306,380,480,0 28,286,196,454,0 296,4,474,178,0 
./datasets/images/53.png 188,652,396,856,0 8,618,170,828,0 312,212,498,394,0 212,88,344,246,0 358,108,502,224,0 
./datasets/images/54.png 350,484,610,726,0 240,314,402,494,0 404,328,586,484,0 218,1180,470,1278,0 12,1146,190,1272,0 330,6,474,132,0 
./datasets/images/55.png 418,928,710,1256,0 494,670,696,890,0 274,658,474,912,0 368,168,542,360,0 18,94,230,294,0 122,8,324,154,0 362,4,526,90,0 
./datasets/images/56.png 324,1192,528,1278,0 386,432,588,624,0 554,1166,706,1264,0 8,362,212,564,0 88,176,336,362,0 392,44,566,234,0 12,6,220,166,0 
./datasets/images/57.png 430,854,686,1122,0 10,812,200,1120,0 62,532,370,762,0 434,300,628,536,0 6,282,214,512,0 124,210,282,378,0 230,56,402,252,0 400,44,566,246,0 
./datasets/images/58.png 496,682,708,970,0 38,1122,396,1270,0 6,710,210,1058,0 110,602,300,796,0 250,366,430,566,0 434,336,626,544,0 410,154,596,328,0 124,64,296,244,0 236,10,398,116,0 
./datasets/images/59.png 270,828,496,1042,0 482,736,708,1022,0 434,468,660,702,0 120,372,322,578,0 212,192,426,392,0 332,84,526,220,0 8,226,212,380,0 80,1200,300,1266,0 
./datasets/images/6.png 448,828,708,1042,0 530,1086,712,1270,0 166,384,398,604,0 262,316,450,458,0 458,360,594,526,0 422,216,548,352,0 302,50,474,186,0 
./datasets/images/60.png 494,926,716,1262,0 64,848,332,1100,0 216,576,462,788,0 336,382,582,552,0 10,622,210,834,0 
./datasets/images/61.png 360,814,670,1036,0 220,1136,526,1276,0 214,102,424,300,0 
./datasets/images/62.png 250,410,448,674,0 258,66,416,220,0 
./datasets/images/63.png 232,834,498,1214,0 254,340,442,538,0 
./datasets/images/64.png 268,800,492,1004,0 76,4,266,138,0 
./datasets/images/65.png 78,182,276,456,0 216,32,410,214,0 14,6,168,162,0 308,2,482,114,0 
./datasets/images/66.png 102,560,348,894,0 274,306,468,538,0 364,188,570,376,0 328,18,540,190,0 148,158,346,324,0 20,246,200,506,0 
./datasets/images/67.png 8,696,202,994,0 86,1166,390,1272,0 304,726,558,1044,0 406,544,654,748,0 114,528,396,732,0 350,320,600,532,0 194,6,382,186,0 
./datasets/images/68.png 408,774,684,1028,0 150,1136,440,1274,0 474,1128,708,1270,0 218,284,408,528,0 346,176,540,354,0 532,142,652,284,0 
./datasets/images/69.png 212,748,474,1050,0 390,538,630,778,0 578,474,718,654,0 
./datasets/images/7.png 164,748,460,1018,0 292,606,532,810,0 518,660,708,864,0 456,438,648,630,0 344,208,518,366,0 320,148,478,202,0 232,36,374,202,0 54,44,190,186,0 
./datasets/images/70.png 332,6,472,132,0 496,8,648,140,0 466,1128,704,1276,0 
./datasets/images/71.png 332,260,520,452,0 530,246,706,442,0 114,152,294,388,0 472,8,676,186,0 
./datasets/images/72.png 338,684,550,910,0 580,618,718,880,0 38,550,280,828,0 510,320,714,502,0 270,224,430,408,0 416,146,612,318,0 422,2,628,136,0 
./datasets/images/73.png 244,658,446,864,0 558,742,714,982,0 438,520,664,716,0 422,286,670,500,0 24,174,280,338,0 68,910,372,1156,0 
./datasets/images/74.png 6,584,274,842,0 446,732,704,1028,0 484,1066,706,1266,0 334,6,454,102,0 490,8,628,130,0 
./datasets/images/75.png 366,218,512,438,0 516,244,712,428,0 364,8,518,162,0 
./datasets/images/76.png 348,628,538,876,0 546,650,716,880,0 346,314,550,498,0 398,180,608,342,0 460,62,652,194,0 
./datasets/images/77.png 394,752,610,970,0 432,554,676,744,0 480,410,716,550,0 290,60,458,236,0 462,42,630,212,0 
./datasets/images/78.png 560,866,714,1062,0 484,1102,712,1268,0 308,380,508,550,0 508,338,698,526,0 482,160,638,322,0 452,58,614,162,0 
./datasets/images/79.png 356,836,616,1072,0 590,766,716,1006,0 546,510,710,728,0 502,342,706,504,0 58,14,266,214,0 320,2,490,94,0 
./datasets/images/8.png 532,772,716,1014,0 344,1080,668,1272,0 354,406,596,594,0 324,310,522,406,0 194,190,428,322,0 4,200,172,366,0 
./datasets/images/80.png 556,784,716,988,0 40,314,280,574,0 322,168,528,386,0 452,66,668,250,0 96,168,316,338,0 226,54,398,188,0 204,2,416,64,0 
./datasets/images/81.png 12,834,270,1140,0 46,590,332,810,0 344,574,568,826,0 484,410,706,606,0 214,408,424,574,0 212,230,436,396,0 450,212,662,358,0 
./datasets/images/82.png 242,886,490,1168,0 226,640,488,876,0 512,582,710,786,0 542,864,714,1134,0 426,1176,656,1270,0 490,178,622,350,0 
./datasets/images/83.png 560,518,712,720,0 478,82,630,260,0 90,18,312,176,0 618,1130,718,1278,0 
./datasets/images/84.png 64,354,336,560,0 548,402,698,588,0 636,1050,712,1256,0 218,4,414,122,0 432,10,592,112,0 
./datasets/images/85.png 30,852,360,1110,0 598,858,716,1092,0 220,236,458,446,0 472,184,658,376,0 326,18,506,192,0 
./datasets/images/86.png 252,680,522,912,0 524,566,716,788,0 342,352,566,540,0 346,34,554,282,0 
./datasets/images/87.png 390,836,662,1066,0 390,390,608,690,0 194,62,394,242,0 42,12,182,176,0 454,6,598,118,0 292,8,438,90,0 
./datasets/images/88.png 402,898,670,1258,0 492,330,660,466,0 298,324,460,450,0 184,450,412,664,0 10,408,178,550,0 
./datasets/images/89.png 290,706,506,884,0 518,698,710,886,0 176,956,454,1250,0 12,868,162,1036,0 156,44,342,162,0 292,10,464,114,0 
./datasets/images/9.png 416,734,710,958,0 396,564,624,684,0 232,390,470,584,0 6,408,192,624,0 
./datasets/images/90.png 150,318,370,484,0 314,220,498,368,0 24,218,198,354,0 
./datasets/images/91.png 136,752,410,928,0 312,580,556,752,0 14,600,192,756,0 236,6,378,110,0 404,0,544,124,0 
./datasets/images/92.png 358,1104,668,1266,0 14,1168,190,1276,0 266,172,426,358,0 450,200,618,384,0 140,34,288,176,0 308,8,500,170,0 
./datasets/images/93.png 284,504,474,740,0 498,532,700,740,0 332,262,566,450,0 140,312,320,468,0 328,108,528,254,0 120,66,304,254,0 248,8,408,108,0 
./datasets/images/94.png 356,654,632,880,0 112,748,338,938,0 298,1014,564,1278,0 580,1054,708,1270,0 120,382,340,614,0 376,426,592,606,0 268,302,456,428,0 210,168,402,296,0 386,26,556,182,0 
./datasets/images/95.png 218,516,446,680,0 286,700,486,886,0 104,888,340,1148,0 404,906,676,1146,0 418,308,604,500,0 418,184,614,318,0 432,10,574,174,0 
./datasets/images/96.png 456,688,704,934,0 238,1024,496,1264,0 478,508,694,674,0 480,212,642,428,0 406,92,616,232,0 18,60,200,268,0 
./datasets/images/97.png 502,504,694,738,0 446,230,644,432,0 4,376,196,584,0 552,984,712,1236,0 
./datasets/images/98.png 182,404,442,676,0 6,852,184,1144,0 566,984,710,1252,0 452,114,618,288,0 328,34,496,164,0 
./datasets/images/99.png 6,492,304,752,0 504,430,696,612,0 372,314,558,454,0 338,78,474,246,0 438,8,594,130,0 
./datasets/images/121.png 336,10,540,214,0 374,562,620,788,0 336,786,530,1078,0 32,684,318,936,0 
./datasets/images/122.png 366,322,606,560,0 406,1130,694,1270,0 490,62,658,206,0 92,14,282,132,0 
./datasets/images/123.png 400,758,686,1038,0 72,260,292,454,0 538,358,708,518,0 386,176,550,366,0 586,212,710,340,0 196,130,344,306,0 380,76,546,188,0 152,16,362,148,0 
./datasets/images/124.png 14,700,286,976,0 156,514,344,716,0 376,540,626,804,0 598,784,714,1018,0 390,384,608,550,0 104,324,392,508,0 126,130,338,300,0 498,44,678,204,0 392,14,512,102,0 
./datasets/images/125.png 86,552,350,756,0 406,240,554,426,0 546,364,708,524,0 58,798,364,1076,0 398,862,638,1108,0 114,1128,346,1266,0 416,1156,668,1270,0 
./datasets/images/126.png 386,658,590,870,0 554,828,716,1040,0 42,1132,302,1260,0 238,74,422,268,0 454,102,648,270,0 446,0,634,98,0 130,8,342,104,0 
./datasets/images/127.png 182,454,412,646,0 472,420,668,596,0 68,318,302,454,0 288,256,412,412,0 418,274,650,406,0 462,156,612,270,0 
./datasets/images/128.png 4,734,286,872,0 148,894,424,1162,0 478,788,712,1028,0 276,574,426,782,0 444,610,696,762,0 490,430,666,592,0 
./datasets/images/129.png 526,802,710,1034,0 512,1060,710,1262,0 302,1010,480,1266,0 238,102,434,280,0 460,94,622,252,0 246,10,408,94,0 
./datasets/images/130.png 238,382,464,592,0 512,346,692,534,0 260,218,438,368,0 128,52,308,238,0 332,6,504,178,0 484,4,604,114,0 
./datasets/images/131.png 210,794,504,1074,0 560,740,718,936,0 258,564,458,742,0 106,348,286,562,0 354,266,544,454,0 476,192,650,342,0 136,10,308,148,0 
./datasets/images/132.png 230,1052,488,1260,0 8,774,268,1018,0 340,634,548,848,0 522,512,690,660,0 92,220,280,426,0 
./datasets/images/133.png 48,572,266,824,0 566,944,718,1166,0 384,1140,658,1270,0 342,2,490,178,0 
./datasets/images/134.png 372,226,516,458,0 226,68,406,242,0 416,2,568,184,0 540,146,666,326,0 6,1154,228,1278,0 
./datasets/images/135.png 326,592,530,860,0 552,446,716,618,0 406,248,614,446,0 158,400,394,578,0 248,220,400,354,0 56,258,248,398,0 
./datasets/images/136.png 142,612,330,758,0 354,638,612,878,0 558,858,718,1094,0 112,908,352,1156,0 330,1184,518,1274,0 2,710,172,902,0 398,170,546,294,0 268,6,412,120,0 
./datasets/images/137.png 422,420,592,582,0 168,1156,388,1274,0 440,1148,698,1276,0 294,152,426,334,0 434,146,560,274,0 246,58,384,154,0 
./datasets/images/138.png 464,778,706,1020,0 314,440,488,642,0 488,406,638,582,0 244,280,426,444,0 278,68,430,218,0 382,18,510,132,0 192,4,318,90,0 
./datasets/images/139.png 334,874,564,1156,0 544,796,714,982,0 266,644,482,850,0 298,330,474,508,0 402,246,564,368,0 194,224,366,328,0 134,44,324,206,0 428,96,578,228,0 272,0,410,126,0 
./datasets/images/140.png 334,680,542,926,0 456,566,640,716,0 218,552,410,682,0 112,338,356,528,0 480,366,660,540,0 488,268,612,374,0 298,210,460,362,0 308,4,410,130,0 126,10,306,94,0 
./datasets/images/141.png 76,746,388,984,0 206,1026,446,1210,0 496,1010,708,1222,0 532,746,710,954,0 502,564,678,714,0 320,516,494,712,0 294,156,438,360,0 96,126,288,328,0 
./datasets/images/142.png 300,438,492,658,0 340,968,584,1244,0 586,1028,716,1244,0 90,452,296,680,0 16,26,190,202,0 
./datasets/images/143.png 338,882,560,1196,0 48,952,334,1246,0 4,308,210,524,0 260,38,412,206,0 420,24,540,142,0 
./datasets/images/144.png 4,742,200,1008,0 262,298,466,480,0 456,242,598,392,0 410,42,560,178,0 308,130,452,262,0 160,26,344,194,0 
./datasets/images/145.png 280,678,512,886,0 506,582,680,742,0 354,426,502,572,0 450,306,618,454,0 176,300,372,440,0 188,132,374,272,0 368,56,580,220,0 76,12,234,126,0 
./datasets/images/146.png 378,810,564,1024,0 508,656,708,848,0 576,1026,704,1250,0 132,656,402,848,0 188,450,402,618,0 390,308,646,526,0 52,264,234,416,0 436,152,576,298,0 332,82,472,188,0 18,18,230,182,0 
./datasets/images/147.png 240,146,416,284,0 442,162,588,312,0 366,332,516,456,0 516,456,636,636,0 0,276,220,462,0 12,660,246,852,0 434,700,710,956,0 166,904,458,1168,0 
./datasets/images/148.png 242,480,474,644,0 510,474,674,638,0 302,44,482,178,0 8,684,242,908,0 404,712,596,904,0 560,902,716,1150,0 
./datasets/images/149.png 248,972,552,1194,0 564,902,718,1144,0 334,282,540,470,0 428,92,596,244,0 296,10,466,92,0 150,42,314,228,0 
./datasets/images/150.png 364,650,604,838,0 470,370,672,540,0 340,174,502,350,0 146,314,326,532,0 136,54,332,228,0 244,0,400,66,0 
./datasets/images/151.png 134,714,348,988,0 352,514,564,710,0 524,762,718,970,0 136,346,362,528,0 222,124,428,310,0 
./datasets/images/152.png 104,796,386,1036,0 248,450,460,662,0 408,994,648,1258,0 
./datasets/images/153.png 238,922,524,1172,0 372,4,564,156,0 
./datasets/images/154.png 406,276,616,416,0 416,82,592,250,0 260,6,396,138,0 56,6,220,144,0 
./datasets/images/155.png 456,608,702,836,0 456,364,674,584,0 266,256,430,406,0 440,204,626,356,0 16,246,230,414,0 182,136,364,278,0 408,118,582,198,0 
./datasets/images/156.png 2,632,226,862,0 504,1134,706,1274,0 514,772,706,1032,0 284,636,476,826,0 488,540,690,748,0 468,400,636,516,0 218,444,398,606,0 184,118,360,264,0 390,14,570,110,0 
./datasets/images/157.png 172,420,394,606,0 418,172,616,350,0 374,6,518,90,0 212,908,402,1162,0 504,792,710,972,0 562,998,712,1240,0 358,1178,536,1262,0 
./datasets/images/158.png 160,876,424,1114,0 464,462,706,700,0 396,186,560,336,0 200,52,382,230,0 
./datasets/images/159.png 442,514,636,672,0 522,932,714,1228,0 200,326,436,498,0 104,160,348,312,0 226,2,434,146,0 
./datasets/images/160.png 194,754,486,978,0 502,984,714,1192,0 84,520,366,716,0 236,204,474,402,0 420,64,594,232,0 88,4,286,178,0 306,4,476,100,0 
./datasets/images/161.png 62,1066,404,1270,0 244,564,524,824,0 474,330,670,532,0 346,204,516,366,0 70,266,286,490,0 98,136,292,266,0 498,138,610,294,0 
./datasets/images/162.png 262,1090,602,1258,0 26,686,272,938,0 532,708,712,924,0 342,512,568,732,0 516,410,682,600,0 228,392,424,516,0 70,486,314,678,0 52,178,300,362,0 336,148,512,290,0 44,62,214,164,0 
./datasets/images/163.png 346,460,574,616,0 14,390,240,526,0 16,598,314,798,0 218,824,468,1038,0 568,830,718,1068,0 394,1018,680,1264,0 34,1042,342,1262,0 
./datasets/images/164.png 276,122,432,248,0 406,0,552,116,0 400,908,664,1124,0 10,860,262,1116,0 26,1156,330,1278,0 
./datasets/images/165.png 284,432,482,588,0 450,204,624,362,0 388,76,544,208,0 422,4,562,82,0 230,0,390,126,0 
./datasets/images/166.png 330,866,564,1034,0 512,520,712,704,0 454,354,638,508,0 490,214,644,350,0 262,198,428,366,0 444,74,574,202,0 86,6,284,148,0 
./datasets/images/167.png 266,538,502,714,0 60,258,292,436,0 520,304,662,472,0 400,150,566,306,0 536,530,710,722,0 516,736,702,946,0 608,990,718,1248,0 496,12,630,174,0 
./datasets/images/168.png 30,648,324,880,0 310,1048,570,1266,0 626,1008,712,1264,0 580,678,712,888,0 450,458,660,666,0 518,266,704,448,0 562,178,680,258,0 310,140,498,304,0 426,40,594,170,0 94,6,278,106,0 
./datasets/images/169.png 316,466,542,662,0 468,916,714,1190,0 558,636,714,838,0 636,492,716,588,0 462,342,644,476,0 310,234,476,368,0 94,184,280,368,0 140,36,304,196,0 
./datasets/images/170.png 320,940,602,1200,0 502,722,714,954,0 332,588,540,748,0 44,550,298,810,0 110,340,332,546,0 202,224,382,366,0 
./datasets/images/171.png 152,624,406,804,0 222,6,372,140,0 74,800,322,1078,0 336,1138,606,1270,0 10,1112,282,1272,0 
./datasets/images/172.png 218,260,372,442,0 164,1206,376,1274,0 
./datasets/images/173.png 192,658,408,888,0 
./datasets/images/174.png 516,182,698,310,0 390,6,558,84,0 
./datasets/images/175.png 556,496,718,652,0 430,172,616,338,0 320,60,440,208,0 160,10,308,166,0 474,76,604,160,0 546,6,668,106,0 
./datasets/images/176.png 468,500,670,718,0 342,366,466,548,0 508,368,666,488,0 568,242,714,382,0 122,304,314,504,0 150,140,366,304,0 514,140,670,224,0 142,10,306,136,0 
./datasets/images/177.png 360,780,524,1044,0 112,750,328,974,0 128,498,386,702,0 110,308,330,480,0 284,100,428,252,0 494,128,662,258,0 562,448,712,554,0 620,594,716,754,0 562,768,708,960,0 508,1004,710,1256,0 410,8,558,118,0 
./datasets/images/178.png 84,778,338,988,0 124,1034,454,1274,0 292,418,478,568,0 548,418,714,572,0 444,186,628,380,0 
./datasets/images/179.png 490,548,710,774,0 316,882,544,1088,0 284,30,462,212,0 
./datasets/images/180.png 340,308,528,514,0 208,68,432,268,0 592,98,714,276,0 520,0,668,94,0 
./datasets/images/181.png 302,752,538,1024,0 136,418,412,654,0 606,388,716,614,0 532,130,700,344,0 
./datasets/images/182.png 444,468,668,704,0 16,930,346,1238,0 574,848,706,1068,0 208,144,396,328,0 40,4,208,134,0 366,0,504,128,0 
./datasets/images/183.png 224,528,456,720,0 548,970,708,1240,0 420,232,578,404,0 50,278,232,486,0 162,182,336,350,0 112,38,270,178,0 
./datasets/images/184.png 40,718,250,970,0 268,1062,506,1256,0 478,586,668,792,0 164,536,380,756,0 104,362,292,544,0 186,8,340,158,0 350,68,502,198,0 
./datasets/images/185.png 194,320,362,532,0 368,412,546,552,0 456,118,590,266,0 264,88,412,230,0 388,42,484,112,0 108,882,312,1120,0 178,1142,410,1272,0 
./datasets/images/186.png 198,744,394,1000,0 424,824,624,1006,0 498,412,648,580,0 280,380,462,548,0 304,256,390,348,0 412,324,510,422,0 
./datasets/images/187.png 418,584,562,726,0 526,742,708,932,0 272,714,486,910,0 300,516,414,622,0 232,6,334,68,0 
./datasets/images/188.png 326,862,460,1030,0 470,996,664,1206,0 262,72,362,220,0 142,18,280,96,0 
./datasets/images/189.png 252,242,384,392,0 136,146,296,246,0 274,52,404,174,0 152,18,254,126,0 
./datasets/images/190.png 270,490,446,652,0 138,338,324,474,0 286,220,438,368,0 154,168,278,308,0 106,20,278,162,0 358,10,502,114,0 
./datasets/images/191.png 136,660,386,794,0 300,868,498,1082,0 314,440,496,620,0 152,370,300,536,0 90,194,308,344,0 396,118,560,256,0 88,36,270,180,0 264,2,394,126,0 
./datasets/images/192.png 346,810,580,1008,0 140,1160,422,1268,0 152,742,310,928,0 88,430,330,618,0 436,288,620,450,0 76,224,288,406,0 130,88,258,224,0 288,112,426,248,0 
./datasets/images/193.png 48,822,368,1064,0 490,578,704,758,0 48,522,296,752,0 314,336,472,510,0 132,322,268,484,0 210,232,364,324,0 452,148,546,264,0 140,96,276,216,0 288,90,410,178,0 362,12,476,114,0 
./datasets/images/194.png 86,634,272,848,0 338,640,542,868,0 4,996,294,1238,0 558,998,712,1246,0 196,482,396,608,0 366,428,478,562,0 476,342,608,492,0 316,284,450,404,0 124,312,300,462,0 376,166,508,296,0 404,74,528,172,0 
./datasets/images/195.png 66,1110,300,1270,0 376,1114,638,1268,0 198,876,434,1062,0 388,766,540,908,0 520,614,694,798,0 340,576,502,732,0 106,590,318,812,0 390,366,566,538,0 418,228,594,372,0 386,12,530,162,0 
./datasets/images/196.png 442,688,650,894,0 356,1026,598,1272,0 92,1112,340,1266,0 608,1052,714,1254,0 482,462,658,616,0 434,190,580,312,0 418,92,536,166,0 
./datasets/images/197.png 532,820,712,1014,0 448,384,660,548,0 438,262,612,382,0 266,68,434,188,0 
./datasets/images/198.png 492,550,710,692,0 554,732,714,922,0 308,294,488,412,0 352,36,476,152,0 210,0,338,118,0 
./datasets/images/199.png 330,574,554,696,0 378,186,520,330,0 224,122,368,270,0 340,34,476,152,0 
./datasets/images/200.png 246,338,388,526,0 412,434,582,582,0 346,982,642,1202,0 356,192,524,324,0 276,130,392,214,0 456,44,586,160,0 
./datasets/images/201.png 294,66,450,196,0 452,168,528,218,0 522,220,630,352,0 294,354,450,440,0 396,464,586,594,0 256,702,428,940,0 472,780,650,1006,0 
./datasets/images/202.png 324,292,522,440,0 514,398,614,470,0 572,480,714,650,0 330,680,518,820,0 462,832,678,1034,0 472,12,562,118,0 292,6,434,82,0 
./datasets/images/203.png 356,618,590,792,0 526,164,630,284,0 332,112,478,252,0 170,22,298,142,0 304,10,426,88,0 594,734,708,864,0 
./datasets/images/204.png 354,322,514,492,0 572,378,702,546,0 154,196,314,354,0 308,156,458,300,0 472,36,602,176,0 268,18,400,142,0 388,1104,704,1250,0 
./datasets/images/205.png 376,624,606,872,0 144,464,346,662,0 326,376,504,542,0 526,536,660,680,0 520,194,664,366,0 284,188,458,344,0 216,8,340,136,0 496,22,626,154,0 
./datasets/images/206.png 82,886,322,1140,0 398,1128,680,1270,0 558,950,716,1134,0 322,720,562,934,0 286,440,468,594,0 560,426,708,596,0 538,170,672,306,0 422,72,538,200,0 530,52,622,130,0 190,154,350,296,0 
./datasets/images/207.png 252,830,510,1010,0 162,390,344,560,0 554,374,716,558,0 424,276,566,430,0 546,214,670,346,0 486,36,606,182,0 254,4,380,92,0 
./datasets/images/208.png 86,788,316,1020,0 434,552,606,736,0 584,720,714,934,0 550,466,710,634,0 496,200,634,378,0 516,102,648,218,0 478,6,604,94,0 222,136,360,286,0 166,30,316,132,0 
./datasets/images/209.png 194,390,350,582,0 488,466,692,670,0 520,316,694,454,0 476,152,628,304,0 114,252,310,386,0 424,1044,678,1268,0 
./datasets/images/210.png 126,796,352,1030,0 38,572,296,750,0 140,46,274,172,0 508,388,684,584,0 566,638,714,784,0 554,856,710,1120,0 
./datasets/images/211.png 296,20,416,134,0 430,28,552,148,0 114,240,274,424,0 544,724,708,944,0 12,1086,312,1272,0 
./datasets/images/212.png 74,536,276,768,0 302,192,458,334,0 456,192,594,340,0 308,94,452,210,0 418,2,530,92,0 186,12,326,136,0 
./datasets/images/213.png 306,456,496,614,0 504,436,670,606,0 306,314,504,454,0 452,116,582,258,0 186,200,354,332,0 302,118,408,228,0 154,46,280,164,0 50,1010,276,1250,0 
./datasets/images/214.png 334,838,550,1046,0 566,778,708,1006,0 342,634,552,820,0 488,334,640,510,0 310,354,432,490,0 170,478,378,632,0 132,240,286,408,0 202,118,368,248,0 
./datasets/images/215.png 158,342,348,514,0 48,544,256,758,0 256,660,426,876,0 502,616,674,824,0 88,890,344,1160,0 348,1126,586,1278,0 
./datasets/images/216.png 170,706,384,898,0 10,1032,264,1266,0 314,1180,496,1272,0 582,1054,714,1276,0 
./datasets/images/217.png 252,52,378,178,0 376,34,494,176,0 84,2,232,114,0 
./datasets/images/218.png 262,230,410,374,0 400,190,546,340,0 366,80,470,178,0 64,116,256,300,0 178,4,294,140,0 
./datasets/images/219.png 266,490,468,652,0 428,410,624,586,0 398,250,532,384,0 36,354,258,564,0 178,158,324,312,0 134,22,266,156,0 
./datasets/images/220.png 296,896,540,1140,0 500,742,710,988,0 440,488,606,648,0 24,702,278,992,0 190,386,348,566,0 130,194,294,362,0 
./datasets/images/221.png 130,442,324,620,0 202,724,378,958,0 510,868,712,1090,0 280,6,404,154,0 426,48,530,174,0 
./datasets/images/222.png 104,828,354,1072,0 306,170,448,330,0 460,220,588,354,0 152,112,266,234,0 254,48,402,166,0 426,134,550,210,0 
./datasets/images/223.png 334,410,508,532,0 506,450,664,600,0 134,306,278,448,0 268,236,444,384,0 482,332,620,434,0 452,234,556,328,0 350,124,488,240,0 404,22,524,138,0 162,72,330,222,0 
./datasets/images/224.png 366,748,564,904,0 574,784,712,968,0 96,620,290,796,0 296,490,502,686,0 540,630,704,758,0 502,496,626,606,0 374,344,540,472,0 176,282,344,468,0 434,180,574,310,0 434,44,528,152,0 310,52,420,184,0 154,64,302,206,0 
./datasets/images/225.png 162,266,334,422,0 324,228,444,358,0 460,210,580,362,0 472,382,626,532,0 166,616,378,814,0 394,638,602,822,0 554,858,718,1042,0 364,904,574,1178,0 134,1102,322,1260,0 
./datasets/images/226.png 530,668,708,856,0 470,1100,714,1270,0 166,1102,442,1270,0 164,546,370,750,0 348,480,502,620,0 524,440,666,632,0 398,14,522,142,0 
./datasets/images/227.png 154,128,316,266,0 440,176,584,332,0 196,1032,440,1266,0 404,874,590,1078,0 604,830,716,1056,0 
./datasets/images/228.png 484,396,668,574,0 426,284,556,386,0 128,372,320,516,0 
./datasets/images/229.png 132,724,352,894,0 554,722,714,952,0 484,554,648,702,0 104,122,270,276,0 268,20,380,144,0 402,40,536,172,0 
./datasets/images/230.png 560,998,714,1190,0 436,202,602,362,0 284,192,410,324,0 64,350,270,554,0 
./datasets/images/231.png 58,710,304,978,0 300,438,448,598,0 488,446,690,638,0 
./datasets/images/232.png 344,798,524,1002,0 544,800,714,1044,0 
./datasets/images/233.png 338,110,466,256,0 86,6,216,138,0 244,22,340,158,0 
./datasets/images/234.png 356,350,522,522,0 262,224,398,370,0 66,180,244,358,0 196,68,344,198,0 384,4,514,128,0 
./datasets/images/235.png 424,128,574,304,0 184,290,378,414,0 38,458,256,662,0 280,512,468,658,0 404,672,610,902,0 
./datasets/images/236.png 192,594,394,752,0 306,960,566,1212,0 16,916,270,1196,0 474,324,654,524,0 200,6,350,110,0 
./datasets/images/237.png 546,668,712,876,0 192,1094,470,1266,0 214,158,374,304,0 78,20,224,138,0 298,82,440,198,0 370,4,500,106,0 214,10,358,76,0 
./datasets/images/238.png 220,422,426,560,0 50,228,244,380,0 298,288,492,408,0 414,192,564,284,0 438,100,558,184,0 204,150,398,270,0 102,42,296,136,0 
./datasets/images/239.png 246,808,484,1018,0 20,546,244,748,0 342,586,556,784,0 216,424,438,560,0 438,430,636,564,0 476,320,640,432,0 132,250,344,400,0 194,4,334,90,0 
./datasets/images/240.png 406,1058,670,1264,0 20,1036,306,1254,0 240,806,504,1014,0 522,782,712,964,0 544,612,712,766,0 114,560,374,774,0 188,126,362,270,0 432,36,558,176,0 230,6,390,130,0 
./datasets/images/241.png 188,364,400,532,0 106,1102,414,1276,0 476,254,614,400,0 276,218,414,350,0 378,94,550,252,0 236,92,354,200,0 352,4,480,72,0 82,86,206,212,0 
./datasets/images/242.png 190,704,444,916,0 270,488,440,654,0 550,518,694,680,0 416,334,610,494,0 232,314,364,454,0 50,314,202,442,0 380,174,546,254,0 
./datasets/images/243.png 16,668,192,850,0 312,900,526,1174,0 454,672,704,914,0 228,626,408,850,0 438,550,716,696,0 400,414,638,524,0 418,316,576,406,0 166,34,322,198,0 
./datasets/images/244.png 476,622,660,750,0 454,766,704,928,0 398,4,526,124,0 178,256,358,434,0 504,994,714,1230,0 
./datasets/images/245.png 190,576,426,798,0 570,1108,712,1276,0 444,156,598,338,0 420,54,568,154,0 278,68,428,230,0 126,24,280,162,0 
./datasets/images/246.png 518,386,696,572,0 222,1122,500,1264,0 336,304,486,442,0 480,260,644,386,0 132,256,312,384,0 104,110,264,230,0 442,144,614,244,0 
./datasets/images/247.png 352,626,558,826,0 590,740,716,968,0 548,550,712,722,0 500,402,702,544,0 314,416,444,602,0 84,398,296,542,0 84,586,322,770,0 
./datasets/images/248.png 54,806,290,1032,0 324,810,492,1046,0 560,786,714,946,0 74,1082,334,1252,0 392,1152,618,1274,0 
./datasets/images/249.png 332,0,482,80,0 
./datasets/images/250.png 380,88,524,248,0 482,32,620,168,0 
./datasets/images/251.png 384,142,536,312,0 498,72,644,226,0 
./datasets/images/252.png 422,344,590,522,0 536,246,690,410,0 
./datasets/images/253.png 432,598,626,788,0 562,470,718,656,0 258,142,406,300,0 170,42,314,174,0 354,30,500,178,0 468,2,598,128,0 
./datasets/images/254.png 468,954,674,1200,0 592,762,712,940,0 266,324,418,502,0 140,190,334,342,0 346,186,526,344,0 478,124,630,280,0 426,12,544,122,0 
./datasets/images/255.png 248,582,444,774,0 120,424,354,576,0 376,414,572,590,0 518,308,666,476,0 452,116,580,276,0 470,10,574,108,0 330,10,456,116,0 
./datasets/images/256.png 96,754,366,934,0 274,944,486,1196,0 390,704,632,908,0 546,548,712,750,0 468,296,628,480,0 490,116,618,250,0 348,98,482,258,0 194,4,344,122,0 352,6,474,96,0 484,12,574,104,0 
./datasets/images/257.png 500,546,682,704,0 360,288,486,424,0 516,280,666,438,0 596,888,716,1100,0 426,1124,702,1274,0 208,112,344,294,0 368,92,478,226,0 508,146,606,246,0 480,62,584,136,0 432,10,558,64,0 120,48,226,188,0 184,4,344,88,0 134,1220,364,1270,0 
./datasets/images/258.png 552,834,716,1072,0 558,510,710,658,0 370,498,538,674,0 206,302,372,484,0 372,258,520,404,0 534,314,656,440,0 468,214,626,302,0 448,110,584,214,0 174,152,348,262,0 78,224,228,344,0 
./datasets/images/259.png 192,534,382,782,0 410,810,574,1016,0 596,808,712,1004,0 388,472,552,654,0 584,540,702,674,0 468,262,610,384,0 502,398,660,514,0 160,346,360,470,0 56,454,212,604,0 
./datasets/images/260.png 110,630,378,812,0 172,896,422,1210,0 410,786,640,1014,0 518,500,692,634,0 542,656,708,802,0 630,816,718,1028,0 14,772,216,982,0 
./datasets/images/261.png 66,1020,426,1258,0 554,772,712,972,0 592,1018,716,1216,0 198,66,366,208,0 270,8,392,82,0 454,8,592,130,0 
./datasets/images/262.png 190,250,394,384,0 276,144,408,262,0 492,112,630,274,0 388,40,530,150,0 272,0,386,108,0 
./datasets/images/263.png 170,470,426,642,0 270,330,442,466,0 538,284,698,462,0 428,196,576,322,0 258,130,398,278,0 434,66,566,188,0 428,0,586,64,0 
./datasets/images/264.png 162,800,446,976,0 266,576,472,756,0 584,502,712,714,0 440,402,628,558,0 234,316,434,494,0 450,212,620,366,0 462,72,628,210,0 332,8,470,142,0 
./datasets/images/265.png 264,564,450,814,0 460,684,704,868,0 308,930,526,1188,0 504,418,686,624,0 492,242,682,410,0 332,156,492,320,0 312,48,474,166,0 
./datasets/images/266.png 266,938,494,1254,0 514,1088,712,1268,0 532,686,712,920,0 544,470,712,658,0 342,350,528,552,0 330,224,504,372,0 
./datasets/images/267.png 348,444,556,624,0 378,590,586,828,0 610,790,714,972,0 594,1066,714,1278,0 
./datasets/images/268.png 408,956,662,1252,0 352,744,616,966,0 414,4,550,140,0 
./datasets/images/269.png 434,164,580,314,0 418,1186,636,1272,0 436,8,574,146,0 
./datasets/images/270.png 472,362,628,498,0 460,148,610,298,0 380,14,518,164,0 
./datasets/images/271.png 508,630,672,786,0 478,354,670,512,0 394,198,552,360,0 
./datasets/images/272.png 538,608,708,784,0 554,990,710,1192,0 418,410,604,614,0 172,16,368,178,0 
./datasets/images/273.png 448,702,654,934,0 580,962,714,1204,0 154,182,396,368,0 178,4,294,124,0 306,2,422,84,0 436,6,564,68,0 
./datasets/images/274.png 156,420,408,594,0 514,1094,708,1270,0 184,126,312,272,0 294,48,458,206,0 454,32,604,202,0 130,32,250,134,0 
./datasets/images/275.png 134,750,454,950,0 174,318,326,482,0 302,228,492,396,0 494,188,678,366,0 348,126,482,226,0 210,10,326,138,0 114,202,280,324,0 
./datasets/images/276.png 166,584,358,816,0 320,452,540,644,0 522,386,716,598,0 364,308,528,442,0 94,430,284,584,0 154,1170,474,1268,0 204,152,352,330,0 402,4,536,96,0 176,4,356,112,0 
./datasets/images/277.png 198,394,372,566,0 186,46,374,290,0 426,80,568,264,0 388,554,570,732,0 74,768,286,926,0 162,952,364,1252,0 334,742,594,1042,0 582,656,714,916,0 
./datasets/images/278.png 160,668,372,896,0 430,884,618,1130,0 466,254,604,456,0 170,250,372,482,0 292,18,500,178,0 406,1184,636,1270,0 
./datasets/images/279.png 152,534,402,794,0 186,1066,412,1264,0 488,480,672,738,0 290,190,538,376,0 436,96,602,228,0 496,8,650,136,0 
./datasets/images/280.png 114,914,422,1232,0 526,792,708,1104,0 318,424,590,606,0 470,286,664,428,0 514,150,702,304,0 262,4,406,136,0 
./datasets/images/281.png 306,734,634,954,0 488,540,706,706,0 540,364,714,534,0 242,132,428,312,0 
./datasets/images/282.png 350,1170,668,1276,0 538,868,712,1092,0 574,650,716,848,0 222,344,438,530,0 312,6,458,134,0 
./datasets/images/283.png 238,630,458,852,0 324,120,488,314,0 502,54,674,242,0 320,10,492,118,0 
./datasets/images/284.png 228,1060,494,1252,0 338,330,504,548,0 536,226,716,418,0 312,156,500,312,0 458,6,616,164,0 
./datasets/images/285.png 318,606,526,856,0 546,448,710,662,0 304,366,514,562,0 462,176,642,360,0 366,48,566,186,0 256,4,430,114,0 
./datasets/images/286.png 348,970,574,1270,0 288,658,564,880,0 566,746,712,1030,0 486,368,696,608,0 388,246,606,428,0 302,86,464,302,0 124,34,304,230,0 
./datasets/images/287.png 294,1066,632,1272,0 546,654,712,924,0 418,486,668,678,0 328,284,502,530,0 98,216,320,424,0 90,66,306,236,0 
./datasets/images/288.png 446,794,710,1046,0 596,1082,710,1264,0 338,558,530,842,0 68,494,316,764,0 82,300,332,472,0 
./datasets/images/289.png 24,618,318,812,0 44,888,312,1202,0 360,974,588,1260,0 414,0,556,118,0 
./datasets/images/290.png 432,150,590,288,0 16,1018,324,1276,0 460,44,594,152,0 458,0,592,50,0 148,8,324,120,0 
./datasets/images/291.png 456,334,638,492,0 466,220,632,326,0 482,78,626,220,0 396,4,528,122,0 212,10,380,96,0 142,142,330,316,0 
./datasets/images/292.png 508,604,692,808,0 510,424,700,580,0 514,244,684,412,0 390,158,554,294,0 516,104,624,220,0 204,138,388,280,0 124,358,338,532,0 
./datasets/images/293.png 76,674,334,884,0 536,962,714,1202,0 550,714,712,904,0 566,476,714,690,0 428,374,614,520,0 532,300,680,428,0 194,372,414,522,0 366,2,576,102,0 124,6,292,94,0 
./datasets/images/294.png 48,1110,366,1266,0 188,680,434,866,0 446,666,662,856,0 564,530,716,694,0 612,794,716,1064,0 606,1112,716,1262,0 108,102,282,290,0 370,116,608,280,0 464,6,578,98,0 
./datasets/images/295.png 386,312,638,476,0 84,328,276,520,0 178,1082,466,1264,0 492,1052,708,1270,0 612,848,714,1040,0 482,102,594,250,0 404,14,530,142,0 72,8,238,116,0 
./datasets/images/296.png 60,622,272,872,0 416,572,700,752,0 514,288,650,454,0 430,176,572,322,0 354,50,484,182,0 414,2,578,104,0 60,134,238,336,0 
./datasets/images/297.png 14,1046,278,1262,0 460,922,716,1168,0 574,518,704,710,0 452,372,614,556,0 376,218,516,370,0 430,122,618,282,0 442,36,588,120,0 56,364,236,584,0 
./datasets/images/298.png 36,690,244,944,0 506,654,684,860,0 630,840,714,1040,0 416,448,560,634,0 456,308,676,480,0 470,190,648,318,0 82,4,222,88,0 
./datasets/images/299.png 32,1132,262,1274,0 562,1016,714,1264,0 426,714,634,996,0 506,558,712,780,0 502,406,708,560,0 40,78,208,258,0 266,10,400,136,0 102,4,246,82,0 
./datasets/images/300.png 32,272,218,482,0 104,104,254,268,0 262,112,446,320,0 560,670,718,888,0 570,904,716,1180,0 484,1152,702,1272,0 
./datasets/images/301.png 18,554,232,802,0 76,324,264,520,0 266,332,478,566,0 624,1086,710,1260,0 
./datasets/images/302.png 2,948,234,1224,0 302,636,534,894,0 72,614,284,872,0 422,30,578,176,0 182,8,402,144,0 
./datasets/images/303.png 70,1030,296,1272,0 346,1038,602,1270,0 202,126,408,316,0 438,180,626,346,0 400,6,526,116,0 
./datasets/images/304.png 210,364,442,552,0 504,402,708,634,0 426,146,572,306,0 436,12,548,140,0 
./datasets/images/305.png 216,648,502,860,0 546,694,710,944,0 466,340,624,534,0 468,170,594,332,0 222,6,420,228,0 
./datasets/images/306.png 252,206,470,442,0 252,60,396,186,0 342,6,492,138,0 92,4,264,122,0 510,386,656,568,0 524,610,690,826,0 252,1080,568,1262,0 608,1100,710,1268,0 
./datasets/images/307.png 238,448,514,722,0 270,284,450,468,0 334,202,518,332,0 94,176,290,332,0 556,666,708,874,0 574,950,712,1200,0 
./datasets/images/308.png 88,408,300,590,0 342,432,576,580,0 312,518,494,762,0 294,776,574,1110,0 632,1074,714,1258,0 
./datasets/images/309.png 66,758,338,976,0 320,938,560,1252,0 382,750,660,954,0 
./datasets/images/310.png 420,50,630,210,0 
./datasets/images/311.png 446,226,692,438,0 
./datasets/images/312.png 140,44,310,198,0 490,484,718,694,0 
./datasets/images/313.png 542,818,712,1078,0 160,242,338,412,0 100,44,334,246,0 398,2,562,100,0 
./datasets/images/314.png 150,490,384,726,0 86,264,368,506,0 430,68,620,292,0 370,2,516,146,0 226,0,372,136,0 
./datasets/images/315.png 68,564,406,856,0 160,866,412,1170,0 498,280,684,510,0 396,180,584,332,0 230,166,404,342,0 228,34,390,184,0 406,64,582,196,0 328,2,478,84,0 
./datasets/images/316.png 92,976,408,1264,0 538,538,716,776,0 420,426,638,560,0 266,408,416,596,0 250,260,430,402,0 442,264,638,406,0 346,120,522,266,0 384,40,522,120,0 182,0,382,126,0 
./datasets/images/317.png 244,726,440,930,0 442,736,696,884,0 592,912,712,1178,0 478,528,694,686,0 238,524,450,700,0 346,358,578,524,0 388,226,564,366,0 418,40,618,252,0 158,132,394,346,0 302,2,442,126,0 108,6,278,110,0 
./datasets/images/318.png 348,620,636,884,0 244,882,508,1156,0 472,858,718,1122,0 286,1170,494,1270,0 514,1160,716,1272,0 426,472,622,652,0 458,226,680,476,0 308,134,482,330,0 76,94,294,316,0 156,380,420,636,0 
./datasets/images/319.png 310,360,542,584,0 62,320,302,570,0 474,528,712,790,0 462,784,698,1018,0 400,1030,708,1278,0 158,720,460,1016,0 
./datasets/images/320.png 42,628,328,914,0 348,654,596,938,0 554,872,712,1218,0 238,4,420,136,0 
./datasets/images/321.png 10,1080,332,1270,0 402,1070,678,1276,0 244,170,452,332,0 452,36,646,222,0 326,12,460,172,0 128,4,318,148,0 
./datasets/images/322.png 246,418,484,594,0 332,186,512,374,0 518,208,704,418,0 122,124,338,364,0 
./datasets/images/323.png 258,748,532,954,0 376,432,562,668,0 562,406,714,654,0 96,368,348,634,0 
./datasets/images/324.png 50,726,364,1038,0 392,760,624,1020,0 632,742,714,982,0 148,8,308,138,0 458,0,622,106,0 
./datasets/images/325.png 168,134,318,342,0 506,80,658,242,0 456,0,648,94,0 
./datasets/images/326.png 156,376,350,598,0 566,256,718,450,0 500,124,710,278,0 520,38,664,140,0 
./datasets/images/327.png 156,678,364,976,0 604,528,714,734,0 528,332,714,512,0 554,204,714,330,0 518,94,684,244,0 464,8,604,128,0 242,10,444,190,0 120,0,288,96,0 
./datasets/images/328.png 144,1144,372,1278,0 570,642,714,860,0 590,450,718,604,0 546,280,714,476,0 466,156,672,320,0 262,168,460,396,0 244,30,434,176,0 100,70,296,308,0 
./datasets/images/329.png 268,422,512,674,0 264,210,456,406,0 80,300,308,530,0 506,366,710,546,0 590,540,712,756,0 
./datasets/images/330.png 46,620,304,850,0 286,762,548,1044,0 270,476,486,692,0 536,672,712,884,0 
./datasets/images/331.png 284,826,516,1120,0 24,1062,324,1266,0 290,234,462,418,0 74,136,292,388,0 306,6,466,116,0 490,4,664,188,0 
./datasets/images/332.png 270,490,510,708,0 48,386,316,648,0 280,60,508,308,0 498,164,710,368,0 
./datasets/images/333.png 14,676,278,958,0 258,866,508,1100,0 504,424,716,598,0 298,304,518,536,0 316,0,504,132,0 
./datasets/images/334.png 254,622,510,888,0 512,752,712,978,0 10,998,276,1268,0 284,160,484,356,0 432,64,588,244,0 384,4,558,124,0 
./datasets/images/335.png 278,946,590,1256,0 320,310,544,546,0 450,190,654,392,0 430,10,614,216,0 
./datasets/images/336.png 368,716,622,966,0 524,528,718,738,0 480,360,690,550,0 284,44,452,236,0 102,2,308,176,0 420,2,588,138,0 
./datasets/images/337.png 64,254,286,432,0 258,324,460,504,0 424,214,594,364,0 294,110,478,278,0 518,590,688,702,0 508,688,704,916,0 580,914,710,1170,0 428,1182,636,1272,0 
./datasets/images/338.png 28,476,288,704,0 292,558,488,774,0 466,390,648,568,0 290,250,488,454,0 576,902,714,1054,0 568,1070,716,1276,0 
./datasets/images/339.png 12,804,322,1070,0 314,896,578,1178,0 508,638,714,842,0 310,484,554,714,0 234,6,358,72,0 
./datasets/images/340.png 346,778,620,1060,0 566,968,714,1242,0 226,56,370,198,0 
./datasets/images/341.png 272,194,414,368,0 104,36,246,202,0 248,72,400,196,0 268,4,386,76,0 
./datasets/images/342.png 274,384,462,544,0 264,228,434,370,0 258,88,422,218,0 94,178,280,378,0 
./datasets/images/343.png 308,618,492,840,0 68,364,280,588,0 266,396,468,582,0 274,248,436,396,0 384,8,538,114,0 
./datasets/images/344.png 294,420,482,622,0 282,660,506,880,0 52,646,284,908,0 306,970,542,1220,0 408,60,566,244,0 316,8,466,140,0 
./datasets/images/345.png 298,696,528,924,0 298,1022,574,1260,0 16,1002,282,1266,0 444,206,606,392,0 318,136,484,282,0 340,0,506,96,0 
./datasets/images/346.png 462,382,668,584,0 350,1028,592,1264,0 330,288,538,430,0 354,76,526,224,0 204,38,344,180,0 310,6,416,78,0 428,16,548,104,0 
./datasets/images/347.png 356,504,592,646,0 510,620,712,856,0 200,188,378,356,0 376,222,570,400,0 460,140,588,242,0 314,102,424,242,0 332,6,522,102,0 
./datasets/images/348.png 394,824,646,994,0 576,976,716,1244,0 222,388,396,566,0 414,420,620,602,0 484,306,640,448,0 318,300,486,426,0 348,74,544,252,0 256,8,418,112,0 
./datasets/images/349.png 228,650,438,852,0 460,686,690,904,0 528,536,696,710,0 358,514,520,668,0 382,242,598,418,0 278,120,440,258,0 436,58,556,198,0 168,10,290,134,0 302,34,424,142,0 
./datasets/images/350.png 214,1000,484,1268,0 488,1050,708,1268,0 374,820,572,1034,0 568,824,714,1034,0 392,430,640,628,0 290,298,474,440,0 454,190,588,336,0 310,182,442,298,0 362,104,500,190,0 236,32,362,170,0 142,138,290,268,0 
./datasets/images/351.png 424,674,710,922,0 276,498,514,682,0 476,356,644,516,0 372,254,544,358,0 322,348,482,486,0 128,308,306,482,0 216,174,382,342,0 160,22,318,168,0 
./datasets/images/352.png 302,792,562,1028,0 440,1022,710,1274,0 520,582,704,764,0 390,454,592,598,0 318,570,526,774,0 120,520,316,756,0 218,374,404,564,0 138,158,312,336,0 
./datasets/images/353.png 122,354,328,526,0 208,604,416,822,0 420,688,652,916,0 366,902,586,1148,0 88,876,334,1122,0 568,898,712,1114,0 
./datasets/images/354.png 134,598,340,828,0 226,950,462,1254,0 476,1092,714,1274,0 88,32,238,194,0 
./datasets/images/355.png 130,928,380,1250,0 80,176,248,362,0 316,14,426,176,0 408,2,532,126,0 
./datasets/images/356.png 68,374,260,598,0 324,150,460,324,0 418,84,564,250,0 260,80,406,204,0 182,0,324,96,0 
./datasets/images/357.png 46,670,264,888,0 358,314,496,506,0 450,240,622,414,0 276,232,436,366,0 180,56,334,240,0 310,6,452,156,0 448,6,542,118,0 
./datasets/images/358.png 20,1060,268,1264,0 372,544,530,764,0 482,438,666,614,0 288,442,466,580,0 160,206,346,410,0 320,134,494,308,0 458,112,574,246,0 420,28,550,146,0 
./datasets/images/359.png 142,392,354,626,0 298,716,498,856,0 406,852,608,1128,0 506,710,714,914,0 322,314,518,504,0 476,284,628,442,0 452,176,600,298,0 414,120,554,222,0 
./datasets/images/360.png 144,684,370,942,0 372,554,572,740,0 524,480,692,670,0 476,348,656,504,0 438,276,600,388,0 330,1116,550,1270,0 574,1072,718,1262,0 290,28,482,192,0 82,8,244,92,0 
./datasets/images/361.png 344,192,520,346,0 106,90,282,252,0 140,4,294,140,0 480,476,688,604,0 532,588,712,768,0 592,764,716,978,0 400,878,684,1134,0 140,1066,446,1264,0 
./datasets/images/362.png 380,374,580,574,0 62,244,302,474,0 116,146,306,316,0 154,36,332,216,0 526,716,714,912,0 594,908,716,1150,0 
./datasets/images/363.png 406,612,644,866,0 42,486,310,736,0 104,334,322,544,0 162,194,350,378,0 304,4,446,114,0 
./datasets/images/364.png 148,420,362,612,0 102,590,344,836,0 42,812,316,1118,0 430,994,708,1236,0 298,46,480,254,0 270,2,444,118,0 
./datasets/images/365.png 336,190,522,410,0 138,694,398,908,0 76,960,354,1268,0 286,116,492,238,0 380,54,544,182,0 306,14,456,112,0 
./datasets/images/366.png 354,382,580,618,0 120,1116,420,1264,0 286,268,556,416,0 394,188,566,330,0 320,82,478,240,0 
./datasets/images/367.png 386,636,628,914,0 310,478,604,660,0 420,364,618,518,0 336,244,538,420,0 238,0,422,148,0 
./datasets/images/368.png 354,452,572,638,0 462,612,698,800,0 336,776,662,1014,0 430,994,710,1268,0 254,86,464,284,0 194,4,358,124,0 414,4,572,122,0 
./datasets/images/369.png 398,730,626,968,0 522,936,712,1166,0 256,236,472,454,0 198,122,360,262,0 432,58,596,216,0 142,36,276,144,0 308,38,442,154,0 
./datasets/images/370.png 282,460,506,694,0 460,1132,710,1264,0 190,296,388,458,0 458,198,656,392,0 328,176,454,312,0 338,72,480,188,0 380,2,508,118,0 202,70,360,224,0 120,170,314,332,0 
./datasets/images/371.png 258,736,574,1056,0 506,368,716,594,0 182,540,432,752,0 346,344,506,522,0 362,218,516,368,0 394,108,554,246,0 194,216,382,376,0 104,364,320,570,0 
./datasets/images/372.png 372,576,544,786,0 538,612,718,868,0 84,662,340,874,0 168,876,462,1166,0 184,416,402,622,0 392,386,570,580,0 388,254,608,416,0 294,16,440,184,0 
./datasets/images/373.png 412,470,620,646,0 360,636,594,858,0 152,718,392,946,0 354,908,584,1184,0 12,1054,328,1272,0 562,978,710,1260,0 
./datasets/images/374.png 250,336,432,558,0 414,738,660,964,0 376,1000,632,1260,0 158,1120,396,1268,0 326,188,428,332,0 430,176,580,368,0 134,92,336,306,0 
./datasets/images/375.png 278,546,464,806,0 476,1112,708,1276,0 462,356,636,572,0 326,366,474,526,0 136,274,362,526,0 
./datasets/images/376.png 114,514,364,800,0 340,590,508,820,0 488,590,704,840,0 284,864,518,1226,0 272,0,440,178,0 432,8,566,166,0 
./datasets/images/377.png 92,822,430,1224,0 382,932,582,1184,0 508,906,712,1216,0 264,106,490,324,0 444,92,630,284,0 112,4,328,164,0 360,6,494,118,0 
./datasets/images/378.png 292,294,554,526,0 510,254,690,458,0 112,92,350,316,0 376,76,526,276,0 330,10,472,126,0 
./datasets/images/379.png 314,506,596,756,0 96,278,358,512,0 398,246,572,440,0 516,384,694,482,0 526,452,708,692,0 350,148,526,288,0 370,4,548,138,0 
./datasets/images/380.png 86,506,398,798,0 330,802,654,1120,0 580,742,714,968,0 562,594,714,766,0 418,448,622,662,0 358,292,560,488,0 360,70,582,266,0 174,4,346,122,0 
./datasets/images/381.png 388,510,612,730,0 62,836,396,1172,0 462,712,696,990,0 390,218,624,438,0 168,82,344,256,0 438,4,556,82,0 
./datasets/images/382.png 400,434,682,648,0 406,802,674,1086,0 498,1118,716,1270,0 166,236,372,436,0 460,60,608,196,0 146,4,302,128,0 342,0,486,68,0 
./datasets/images/383.png 460,686,718,942,0 130,466,406,696,0 120,68,324,290,0 342,36,524,198,0 482,186,636,350,0 462,10,590,142,0 
./datasets/images/384.png 120,770,408,1028,0 506,1060,712,1272,0 518,350,700,520,0 128,246,332,460,0 366,176,558,346,0 482,118,648,290,0 328,54,452,176,0 162,28,338,196,0 
./datasets/images/385.png 102,466,334,720,0 560,580,714,784,0 380,374,590,546,0 514,286,684,466,0 334,200,480,340,0 140,170,354,358,0 
./datasets/images/386.png 164,360,366,578,0 336,382,522,546,0 404,604,652,822,0 86,798,338,1088,0 558,484,716,716,0 440,0,582,122,0 
./datasets/images/387.png 118,612,394,920,0 360,612,554,808,0 438,918,710,1224,0 604,750,714,972,0 468,28,624,216,0 332,0,456,166,0 
./datasets/images/388.png 74,980,408,1276,0 356,950,604,1178,0 322,92,476,328,0 470,162,662,368,0 368,6,526,156,0 
./datasets/images/389.png 324,264,482,516,0 488,304,700,560,0 364,132,528,302,0 434,0,580,156,0 282,0,420,82,0 
./datasets/images/390.png 318,496,510,744,0 512,560,708,830,0 364,298,568,486,0 452,128,608,306,0 282,48,434,210,0 126,0,286,82,0 
./datasets/images/391.png 304,808,558,1112,0 370,536,592,716,0 486,314,664,498,0 288,222,450,396,0 122,60,290,220,0 580,886,712,1188,0 
./datasets/images/392.png 306,410,496,622,0 512,532,712,736,0 442,820,672,1108,0 104,206,318,438,0 154,16,346,202,0 368,4,534,158,0 
./datasets/images/393.png 318,672,534,934,0 572,826,716,1092,0 48,412,314,650,0 140,166,362,374,0 378,134,556,300,0 444,26,580,142,0 372,4,526,92,0 
./datasets/images/394.png 24,722,332,1004,0 326,1050,612,1278,0 130,350,372,610,0 390,288,610,476,0 470,144,622,286,0 380,80,560,190,0 444,4,558,88,0 
./datasets/images/395.png 124,612,410,924,0 410,498,680,702,0 512,286,686,486,0 406,216,614,362,0 448,92,604,226,0 408,4,574,102,0 20,1164,348,1270,0 
./datasets/images/396.png 90,1010,458,1266,0 466,784,716,1052,0 564,508,710,710,0 450,402,676,552,0 490,240,662,376,0 440,74,618,234,0 450,4,620,92,0 
./datasets/images/397.png 484,658,710,838,0 554,426,714,596,0 496,218,698,412,0 490,140,686,250,0 474,40,630,154,0 
./datasets/images/398.png 526,1000,716,1250,0 592,674,714,864,0 516,404,712,620,0 532,298,714,420,0 488,172,672,322,0 430,6,558,158,0 256,2,424,130,0 
./datasets/images/399.png 458,330,668,514,0 492,494,712,654,0 482,648,716,912,0 582,1006,714,1250,0 376,70,554,286,0 202,88,392,280,0 
./datasets/images/400.png 56,202,328,414,0 310,206,486,430,0 404,524,630,764,0 416,768,712,970,0 406,956,708,1258,0 
./datasets/images/401.png 142,452,388,684,0 378,430,576,684,0 488,848,708,1162,0 422,2,596,84,0 
./datasets/images/402.png 84,834,388,1132,0 382,782,628,1076,0 410,124,606,296,0 172,134,374,316,0 138,4,308,114,0 
./datasets/images/403.png 388,344,606,520,0 102,372,344,572,0 88,130,264,324,0